SKILL=85 class=k24
  a=1
  b=1
  c=1
  d=[955, 956]
  e=[0, 120]
  f=[120, 120]
  g=[0, 150]
  h=[0, 300]
  i=[0, 1]
  j=[0, 120]
  k=[0, 6]
  l=[0, 1320]
  m=[0, 5500]
  n=[[24, 0, 2, 11, 33], [24, 0, 2, 11, 33]]
  o=[[0, 0, 0, 0, 0], [11, 550, 5500, 770, 300]]
SKILL=86 class=k24
  a=2
  b=1
  c=1
  d=[957, 958]
  e=[-106, -106]
  f=[120, 120]
  g=[0, 300]
  h=[0, 350]
  i=[0, 1]
  j=[150, 150]
  k=[0, 6]
  l=[0, 1220]
  m=[0, 5024]
  n=[[24, 1, 2, 11, 33], [9, 1, 2, 11, 33]]
  o=[[0, 0, 0, 0, 0], [24, 470, 5000, 750, 300]]
SKILL=87 class=k24
  a=3
  b=1
  c=1
  d=[959, 960]
  e=[0, 120]
  f=[120, 120]
  g=[0, 150]
  h=[0, 300]
  i=[0, 1]
  j=[0, 120]
  k=[0, 6]
  l=[0, 1320]
  m=[0, 5500]
  n=[[25, 0, 3, 11, 33], [25, 0, 3, 11, 33]]
  o=[[0, 0, 0, 0, 0], [10, 550, 5500, 770, 300]]
SKILL=88 class=k24
  a=4
  b=1
  c=1
  d=[961, 962]
  e=[0, -116]
  f=[120, 120]
  g=[0, 300]
  h=[0, 350]
  i=[0, 1]
  j=[0, 140]
  k=[0, 6]
  l=[0, 1270]
  m=[0, 5000]
  n=[[25, 1, 3, 11, 33], [25, 1, 3, 11, 33]]
  o=[[0, 0, 0, 0, 0], [11, 520, 5000, 750, 300]]
SKILL=89 class=k24
  a=5
  b=1
  c=1
  d=[963, 964]
  e=[0, 100]
  f=[120, 120]
  g=[0, 150]
  h=[0, 350]
  i=[0, 1]
  j=[0, 100]
  k=[0, 6]
  l=[0, 1360]
  m=[0, 5000]
  n=[[26, 1, 4, 11, 33], [26, 1, 4, 11, 33]]
  o=[[0, 0, 0, 0, 0], [11, 580, 5000, 780, 350]]
SKILL=90 class=k24
  a=6
  b=1
  c=1
  d=[965, 966]
  e=[0, -116]
  f=[120, 120]
  g=[0, 300]
  h=[0, 350]
  i=[0, 1]
  j=[0, 140]
  k=[0, 6]
  l=[0, 6360]
  m=[0, 0]
  n=[[26, 1, 4, 11, 33], [26, 1, 1, 11, 33]]
  o=[[0, 0, 0, 0, 0], [11, 580, 5000, 780, 350]]
